{
 "cells": [
  {
   "cell_type": "code",
   "execution_count": 20,
   "metadata": {},
   "outputs": [],
   "source": [
    "import requests\n",
    "import pandas as pd\n",
    "import numpy as np\n",
    "import trueskill\n",
    "from bs4 import BeautifulSoup\n",
    "from itertools import product\n",
    "from urllib.request import urlopen\n",
    "import networkx as nx\n",
    "from networkx.drawing.nx_agraph import to_agraph \n",
    "import matplotlib.pyplot as plt\n",
    "import pylab\n",
    "import sys\n",
    "import nbimporter\n",
    "import Webscraper as wsc\n",
    "\n",
    "np.set_printoptions(threshold=sys.maxsize)\n",
    "edgelist_test = \"Data/STGraphs/3637STGraph.edgelist\""
   ]
  },
  {
   "cell_type": "code",
   "execution_count": 36,
   "metadata": {},
   "outputs": [],
   "source": [
    "def getWeightedAdjMatrixFromEdgeList(edgelist):\n",
    "    G = nx.read_weighted_edgelist(edgelist)\n",
    "    mat = nx.to_numpy_matrix(G)\n",
    "    return mat"
   ]
  },
  {
   "cell_type": "code",
   "execution_count": 38,
   "metadata": {},
   "outputs": [],
   "source": [
    "def getAdjMatrixFromEdgeList(edgelist):\n",
    "    G = nx.read_weighted_edgelist(edgelist)\n",
    "    mat = 1*(nx.to_numpy_matrix(G) != False)\n",
    "    return mat"
   ]
  },
  {
   "cell_type": "code",
   "execution_count": 39,
   "metadata": {},
   "outputs": [
    {
     "name": "stdout",
     "output_type": "stream",
     "text": [
      "[[ 0.00000000e+00  1.02260374e+01  2.69117647e+00  1.84257703e+01\n",
      "   2.82378466e+01  1.35304902e+01  2.56805699e+01  0.00000000e+00\n",
      "   0.00000000e+00  0.00000000e+00  0.00000000e+00  0.00000000e+00\n",
      "   0.00000000e+00  0.00000000e+00  0.00000000e+00  0.00000000e+00\n",
      "   0.00000000e+00  0.00000000e+00  0.00000000e+00  0.00000000e+00\n",
      "   0.00000000e+00  0.00000000e+00  0.00000000e+00  0.00000000e+00\n",
      "   0.00000000e+00  0.00000000e+00  0.00000000e+00  0.00000000e+00\n",
      "   0.00000000e+00  0.00000000e+00  0.00000000e+00  0.00000000e+00\n",
      "   0.00000000e+00  0.00000000e+00  0.00000000e+00  0.00000000e+00\n",
      "   0.00000000e+00  0.00000000e+00  0.00000000e+00  0.00000000e+00\n",
      "   0.00000000e+00  0.00000000e+00  0.00000000e+00  0.00000000e+00\n",
      "   0.00000000e+00  0.00000000e+00  0.00000000e+00]\n",
      " [ 1.02260374e+01  0.00000000e+00  8.39796652e+00  1.68253099e+01\n",
      "   1.04175306e+01  1.46761530e+01  1.40611632e+01  1.89551860e+01\n",
      "  -1.64532802e+01 -1.33269231e+01  0.00000000e+00  0.00000000e+00\n",
      "   0.00000000e+00  0.00000000e+00  0.00000000e+00  0.00000000e+00\n",
      "   0.00000000e+00  0.00000000e+00  0.00000000e+00  0.00000000e+00\n",
      "   0.00000000e+00  0.00000000e+00  0.00000000e+00  0.00000000e+00\n",
      "   0.00000000e+00  0.00000000e+00  0.00000000e+00  0.00000000e+00\n",
      "   0.00000000e+00  0.00000000e+00  0.00000000e+00  0.00000000e+00\n",
      "   0.00000000e+00  0.00000000e+00  0.00000000e+00  0.00000000e+00\n",
      "   0.00000000e+00  0.00000000e+00  0.00000000e+00  0.00000000e+00\n",
      "   0.00000000e+00  0.00000000e+00  0.00000000e+00  0.00000000e+00\n",
      "   0.00000000e+00  0.00000000e+00  0.00000000e+00]\n",
      " [ 2.69117647e+00  8.39796652e+00  0.00000000e+00  1.61274288e+01\n",
      "  -3.10887411e+00 -1.97507872e+00 -1.93115171e+01  3.40416552e+01\n",
      "  -2.70106328e+01  0.00000000e+00 -1.34724696e+01  3.40000000e+00\n",
      "   0.00000000e+00  0.00000000e+00  0.00000000e+00  0.00000000e+00\n",
      "   0.00000000e+00  0.00000000e+00  0.00000000e+00  0.00000000e+00\n",
      "   0.00000000e+00  0.00000000e+00  0.00000000e+00  0.00000000e+00\n",
      "   0.00000000e+00  0.00000000e+00  0.00000000e+00  0.00000000e+00\n",
      "   0.00000000e+00  0.00000000e+00  0.00000000e+00  0.00000000e+00\n",
      "   0.00000000e+00  0.00000000e+00  0.00000000e+00  0.00000000e+00\n",
      "   0.00000000e+00  0.00000000e+00  0.00000000e+00  0.00000000e+00\n",
      "   0.00000000e+00  0.00000000e+00  0.00000000e+00  0.00000000e+00\n",
      "   0.00000000e+00  0.00000000e+00  0.00000000e+00]\n",
      " [ 1.84257703e+01  1.68253099e+01  1.61274288e+01  0.00000000e+00\n",
      "   1.91785596e+01  1.06648959e+00  4.39423739e+00  3.53737284e+01\n",
      "   0.00000000e+00  0.00000000e+00  1.49650359e+01  0.00000000e+00\n",
      "   0.00000000e+00  0.00000000e+00  0.00000000e+00  0.00000000e+00\n",
      "   0.00000000e+00  0.00000000e+00  0.00000000e+00  0.00000000e+00\n",
      "   0.00000000e+00  0.00000000e+00  0.00000000e+00  0.00000000e+00\n",
      "   0.00000000e+00  0.00000000e+00  0.00000000e+00  0.00000000e+00\n",
      "   0.00000000e+00  0.00000000e+00  0.00000000e+00  0.00000000e+00\n",
      "   0.00000000e+00  0.00000000e+00  0.00000000e+00  0.00000000e+00\n",
      "   0.00000000e+00  0.00000000e+00  0.00000000e+00  0.00000000e+00\n",
      "   0.00000000e+00  0.00000000e+00  0.00000000e+00  0.00000000e+00\n",
      "   0.00000000e+00  0.00000000e+00  0.00000000e+00]\n",
      " [ 2.82378466e+01  1.04175306e+01 -3.10887411e+00  1.91785596e+01\n",
      "   0.00000000e+00  2.96373054e+01  3.12744163e+01 -5.95833333e+00\n",
      "   1.33333333e+01  0.00000000e+00  2.74890110e+01  0.00000000e+00\n",
      "   0.00000000e+00  0.00000000e+00  0.00000000e+00  0.00000000e+00\n",
      "   0.00000000e+00  0.00000000e+00  0.00000000e+00  0.00000000e+00\n",
      "   0.00000000e+00  0.00000000e+00  0.00000000e+00  0.00000000e+00\n",
      "   0.00000000e+00  0.00000000e+00  0.00000000e+00  0.00000000e+00\n",
      "   0.00000000e+00  0.00000000e+00  0.00000000e+00  0.00000000e+00\n",
      "   0.00000000e+00  0.00000000e+00  0.00000000e+00  0.00000000e+00\n",
      "   0.00000000e+00  0.00000000e+00  0.00000000e+00  0.00000000e+00\n",
      "   0.00000000e+00  0.00000000e+00  0.00000000e+00  0.00000000e+00\n",
      "   0.00000000e+00  0.00000000e+00  0.00000000e+00]\n",
      " [ 1.35304902e+01  1.46761530e+01 -1.97507872e+00  1.06648959e+00\n",
      "   2.96373054e+01  0.00000000e+00  3.35867940e+01 -5.36790780e+00\n",
      "   1.80980578e+01  5.10714286e+00  2.60890110e+01  0.00000000e+00\n",
      "   1.46780583e+01  1.03445430e+01  5.20651620e+01  1.02251196e+01\n",
      "   4.49822233e+01 -1.32386152e+01 -1.69010640e-01 -1.90984915e+01\n",
      "   6.75975250e+00  5.63003143e+00  3.39514207e+01  2.44918700e+01\n",
      "   1.93283098e+01  4.97991760e+00 -1.67122944e+00  4.53744731e+01\n",
      "   3.04262708e+00  2.24104739e+00  2.80661884e+01  2.23510653e+00\n",
      "   1.93523923e+01 -5.73684211e+00 -1.13252181e+01  8.44460784e+00\n",
      "  -1.84977505e+01 -5.97453100e+00 -1.81666667e+01  1.61547831e+01\n",
      "   3.75855022e+01  7.67696715e+00  2.56848485e+01  1.37235294e+01\n",
      "  -2.49858974e+01  1.27014170e+01  0.00000000e+00]\n",
      " [ 2.56805699e+01  1.40611632e+01 -1.93115171e+01  4.39423739e+00\n",
      "   3.12744163e+01  3.35867940e+01  0.00000000e+00 -7.69708673e+00\n",
      "  -3.10256410e+00  0.00000000e+00  6.70413704e+00  0.00000000e+00\n",
      "   3.62517949e+00  1.19014937e+01  2.81156995e+01  1.27585650e+00\n",
      "   1.42722468e+01  5.94969399e+00 -6.44799668e+00 -8.31464718e+00\n",
      "   4.18571693e+00 -6.06521739e+00  1.20240602e+01  1.42055023e+01\n",
      "   4.03733839e+01  1.85922909e+01 -1.74760913e+01  2.50786429e+01\n",
      "   5.04136878e+00  2.44494480e+00  3.71739130e+00 -2.83235294e+00\n",
      "  -1.68242868e-01  3.07742155e+01  8.70833333e+00  9.74621849e+00\n",
      "   2.41935101e+01  2.07780523e+01  0.00000000e+00  0.00000000e+00\n",
      "   0.00000000e+00  0.00000000e+00  0.00000000e+00  0.00000000e+00\n",
      "   0.00000000e+00  0.00000000e+00  0.00000000e+00]\n",
      " [ 0.00000000e+00  1.89551860e+01  3.40416552e+01  3.53737284e+01\n",
      "  -5.95833333e+00 -5.36790780e+00 -7.69708673e+00  0.00000000e+00\n",
      "  -3.36461007e+01 -1.33269231e+01 -1.03461538e+01  3.40000000e+00\n",
      "   0.00000000e+00  0.00000000e+00  0.00000000e+00  0.00000000e+00\n",
      "   0.00000000e+00  0.00000000e+00  0.00000000e+00  0.00000000e+00\n",
      "   0.00000000e+00  0.00000000e+00  0.00000000e+00  2.33331717e+00\n",
      "   0.00000000e+00  3.85324918e-01  0.00000000e+00  0.00000000e+00\n",
      "   0.00000000e+00  0.00000000e+00  4.68666667e+00  0.00000000e+00\n",
      "   0.00000000e+00  0.00000000e+00  4.16127990e+00  2.41640856e+01\n",
      "   0.00000000e+00  0.00000000e+00  0.00000000e+00  0.00000000e+00\n",
      "   0.00000000e+00  0.00000000e+00  0.00000000e+00  0.00000000e+00\n",
      "   0.00000000e+00  0.00000000e+00  0.00000000e+00]\n",
      " [ 0.00000000e+00 -1.64532802e+01 -2.70106328e+01  0.00000000e+00\n",
      "   1.33333333e+01  1.80980578e+01 -3.10256410e+00 -3.36461007e+01\n",
      "   0.00000000e+00 -7.75549451e+00  0.00000000e+00  3.40000000e+00\n",
      "   0.00000000e+00  3.13809524e+00  1.87878788e+00  4.54090909e+00\n",
      "   0.00000000e+00  0.00000000e+00 -2.72141651e-02  0.00000000e+00\n",
      "   1.03719212e+01  0.00000000e+00  0.00000000e+00  0.00000000e+00\n",
      "   0.00000000e+00  0.00000000e+00  0.00000000e+00  0.00000000e+00\n",
      "   0.00000000e+00  0.00000000e+00  0.00000000e+00  0.00000000e+00\n",
      "   0.00000000e+00  0.00000000e+00  0.00000000e+00  0.00000000e+00\n",
      "   0.00000000e+00  0.00000000e+00  0.00000000e+00  0.00000000e+00\n",
      "   0.00000000e+00  0.00000000e+00  0.00000000e+00  0.00000000e+00\n",
      "   0.00000000e+00  0.00000000e+00  0.00000000e+00]\n",
      " [ 0.00000000e+00 -1.33269231e+01  0.00000000e+00  0.00000000e+00\n",
      "   0.00000000e+00  5.10714286e+00  0.00000000e+00 -1.33269231e+01\n",
      "  -7.75549451e+00  0.00000000e+00  0.00000000e+00  0.00000000e+00\n",
      "   0.00000000e+00  0.00000000e+00  0.00000000e+00  0.00000000e+00\n",
      "   0.00000000e+00  0.00000000e+00  0.00000000e+00  0.00000000e+00\n",
      "   6.50000000e+00  0.00000000e+00  0.00000000e+00  0.00000000e+00\n",
      "   0.00000000e+00  0.00000000e+00  0.00000000e+00  0.00000000e+00\n",
      "   0.00000000e+00  0.00000000e+00  0.00000000e+00  0.00000000e+00\n",
      "   0.00000000e+00  0.00000000e+00  0.00000000e+00  0.00000000e+00\n",
      "   0.00000000e+00  0.00000000e+00  0.00000000e+00  0.00000000e+00\n",
      "   0.00000000e+00  0.00000000e+00  0.00000000e+00  0.00000000e+00\n",
      "   0.00000000e+00  0.00000000e+00  0.00000000e+00]\n",
      " [ 0.00000000e+00  0.00000000e+00 -1.34724696e+01  1.49650359e+01\n",
      "   2.74890110e+01  2.60890110e+01  6.70413704e+00 -1.03461538e+01\n",
      "   0.00000000e+00  0.00000000e+00  0.00000000e+00  0.00000000e+00\n",
      "   0.00000000e+00  0.00000000e+00  0.00000000e+00  0.00000000e+00\n",
      "   0.00000000e+00  0.00000000e+00  0.00000000e+00  0.00000000e+00\n",
      "   0.00000000e+00  0.00000000e+00  0.00000000e+00  0.00000000e+00\n",
      "   0.00000000e+00  0.00000000e+00  0.00000000e+00  0.00000000e+00\n",
      "   0.00000000e+00  0.00000000e+00  0.00000000e+00  0.00000000e+00\n",
      "   0.00000000e+00  0.00000000e+00  0.00000000e+00  0.00000000e+00\n",
      "   0.00000000e+00  0.00000000e+00  0.00000000e+00  0.00000000e+00\n",
      "   0.00000000e+00  0.00000000e+00  0.00000000e+00  0.00000000e+00\n",
      "   0.00000000e+00  0.00000000e+00  0.00000000e+00]\n",
      " [ 0.00000000e+00  0.00000000e+00  3.40000000e+00  0.00000000e+00\n",
      "   0.00000000e+00  0.00000000e+00  0.00000000e+00  3.40000000e+00\n",
      "   3.40000000e+00  0.00000000e+00  0.00000000e+00  0.00000000e+00\n",
      "   0.00000000e+00  0.00000000e+00  0.00000000e+00  0.00000000e+00\n",
      "   0.00000000e+00  0.00000000e+00  0.00000000e+00  0.00000000e+00\n",
      "   0.00000000e+00  0.00000000e+00  0.00000000e+00  0.00000000e+00\n",
      "   0.00000000e+00  0.00000000e+00  0.00000000e+00  0.00000000e+00\n",
      "   0.00000000e+00  0.00000000e+00  0.00000000e+00  0.00000000e+00\n",
      "   0.00000000e+00  0.00000000e+00  0.00000000e+00  0.00000000e+00\n",
      "   0.00000000e+00  0.00000000e+00  0.00000000e+00  0.00000000e+00\n",
      "   0.00000000e+00  0.00000000e+00  0.00000000e+00  0.00000000e+00\n",
      "   0.00000000e+00  0.00000000e+00  0.00000000e+00]\n",
      " [ 0.00000000e+00  0.00000000e+00  0.00000000e+00  0.00000000e+00\n",
      "   0.00000000e+00  1.46780583e+01  3.62517949e+00  0.00000000e+00\n",
      "   0.00000000e+00  0.00000000e+00  0.00000000e+00  0.00000000e+00\n",
      "   0.00000000e+00 -3.29929784e+00  2.01644992e+01  9.67032967e-01\n",
      "   3.52028042e+00 -9.90930482e+00 -4.04683995e+00  1.36833907e+00\n",
      "   0.00000000e+00  2.64005327e+00 -6.04395604e-02  0.00000000e+00\n",
      "   0.00000000e+00  0.00000000e+00  0.00000000e+00  0.00000000e+00\n",
      "   0.00000000e+00  0.00000000e+00  0.00000000e+00  0.00000000e+00\n",
      "   0.00000000e+00  0.00000000e+00  0.00000000e+00  0.00000000e+00\n",
      "   0.00000000e+00  0.00000000e+00  0.00000000e+00  1.27179487e+00\n",
      "   0.00000000e+00  0.00000000e+00  0.00000000e+00  0.00000000e+00\n",
      "   0.00000000e+00  0.00000000e+00  0.00000000e+00]\n",
      " [ 0.00000000e+00  0.00000000e+00  0.00000000e+00  0.00000000e+00\n",
      "   0.00000000e+00  1.03445430e+01  1.19014937e+01  0.00000000e+00\n",
      "   3.13809524e+00  0.00000000e+00  0.00000000e+00  0.00000000e+00\n",
      "  -3.29929784e+00  0.00000000e+00  1.03048234e+01  6.96006702e+00\n",
      "   8.95608384e+00 -1.43326221e+01  1.57678729e+01 -2.22098860e+01\n",
      "  -3.00617311e+00  3.53716170e+00  2.99524362e+01 -1.53779447e-01\n",
      "  -7.23816091e+01  3.16583595e+01  0.00000000e+00  0.00000000e+00\n",
      "   0.00000000e+00  0.00000000e+00  0.00000000e+00  0.00000000e+00\n",
      "   0.00000000e+00  0.00000000e+00  0.00000000e+00  0.00000000e+00\n",
      "   0.00000000e+00  0.00000000e+00  0.00000000e+00  2.11868132e+00\n",
      "   3.79925303e+01 -2.69315141e+01  0.00000000e+00  0.00000000e+00\n",
      "   0.00000000e+00  0.00000000e+00  0.00000000e+00]\n",
      " [ 0.00000000e+00  0.00000000e+00  0.00000000e+00  0.00000000e+00\n",
      "   0.00000000e+00  5.20651620e+01  2.81156995e+01  0.00000000e+00\n",
      "   1.87878788e+00  0.00000000e+00  0.00000000e+00  0.00000000e+00\n",
      "   2.01644992e+01  1.03048234e+01  0.00000000e+00  2.83088235e-01\n",
      "   5.53168551e+01 -1.89813204e+01  6.20108064e+00 -7.76389316e+00\n",
      "  -2.99771462e+00  1.87101280e+01  4.82247056e+01  2.81212661e+01\n",
      "   5.65726191e+00 -3.95839505e+00 -1.70168729e+01  1.93711836e+01\n",
      "  -4.30832003e+00  6.51326228e-01  4.50560005e+01  3.32953190e+00\n",
      "  -8.46646920e+00 -1.05147059e+00  5.97220357e+00  0.00000000e+00\n",
      "   8.90485830e+00  1.09046314e+01  0.00000000e+00  1.11067488e+01\n",
      "   4.19602564e+01  2.51377732e+01  2.22000000e+01  6.57307692e+00\n",
      "  -2.04487179e+00  0.00000000e+00  0.00000000e+00]\n",
      " [ 0.00000000e+00  0.00000000e+00  0.00000000e+00  0.00000000e+00\n",
      "   0.00000000e+00  1.02251196e+01  1.27585650e+00  0.00000000e+00\n",
      "   4.54090909e+00  0.00000000e+00  0.00000000e+00  0.00000000e+00\n",
      "   9.67032967e-01  6.96006702e+00  2.83088235e-01  0.00000000e+00\n",
      "   0.00000000e+00  0.00000000e+00  6.79654819e+00  0.00000000e+00\n",
      "   3.42857143e+00  0.00000000e+00  0.00000000e+00  0.00000000e+00\n",
      "   0.00000000e+00  0.00000000e+00  0.00000000e+00  0.00000000e+00\n",
      "   0.00000000e+00  0.00000000e+00  0.00000000e+00  0.00000000e+00\n",
      "   0.00000000e+00  0.00000000e+00  0.00000000e+00  0.00000000e+00\n",
      "   0.00000000e+00  0.00000000e+00  0.00000000e+00  0.00000000e+00\n",
      "   0.00000000e+00  0.00000000e+00  0.00000000e+00  0.00000000e+00\n",
      "   0.00000000e+00  0.00000000e+00  0.00000000e+00]\n",
      " [ 0.00000000e+00  0.00000000e+00  0.00000000e+00  0.00000000e+00\n",
      "   0.00000000e+00  4.49822233e+01  1.42722468e+01  0.00000000e+00\n",
      "   0.00000000e+00  0.00000000e+00  0.00000000e+00  0.00000000e+00\n",
      "   3.52028042e+00  8.95608384e+00  5.53168551e+01  0.00000000e+00\n",
      "   0.00000000e+00 -4.81722190e+00  1.27448609e+01 -2.63977345e+00\n",
      "  -3.22205171e+00  7.82801455e+00  1.87924870e+00  2.23090291e+01\n",
      "   4.87366286e+01  4.95297005e+00  0.00000000e+00  0.00000000e+00\n",
      "   0.00000000e+00  0.00000000e+00  0.00000000e+00  0.00000000e+00\n",
      "   0.00000000e+00  0.00000000e+00  0.00000000e+00  0.00000000e+00\n",
      "   0.00000000e+00  0.00000000e+00  0.00000000e+00  1.70589984e+01\n",
      "   5.35346012e+01  1.29981793e+01  4.96515152e+01  0.00000000e+00\n",
      "   0.00000000e+00  0.00000000e+00  0.00000000e+00]\n",
      " [ 0.00000000e+00  0.00000000e+00  0.00000000e+00  0.00000000e+00\n",
      "   0.00000000e+00 -1.32386152e+01  5.94969399e+00  0.00000000e+00\n",
      "   0.00000000e+00  0.00000000e+00  0.00000000e+00  0.00000000e+00\n",
      "  -9.90930482e+00 -1.43326221e+01 -1.89813204e+01  0.00000000e+00\n",
      "  -4.81722190e+00  0.00000000e+00  5.25454429e+00 -2.14575986e+01\n",
      "  -1.70907155e+00  7.46658155e+00  1.20498605e+00  3.82704929e+01\n",
      "  -3.04255466e+01  6.42960041e+01 -1.70507246e+01  1.09499256e+01\n",
      "  -7.45979728e-01  1.07391176e+01 -7.42063492e-01  6.20642511e+00\n",
      "   1.12821133e+01  1.45845821e+00  3.28248839e+01  3.27117057e+00\n",
      "   5.09652174e+00  7.37894737e+00  0.00000000e+00  0.00000000e+00\n",
      "   0.00000000e+00  1.63423831e+00  0.00000000e+00  5.21524966e+00\n",
      "  -3.87692308e+01  0.00000000e+00  0.00000000e+00]\n",
      " [ 0.00000000e+00  0.00000000e+00  0.00000000e+00  0.00000000e+00\n",
      "   0.00000000e+00 -1.69010640e-01 -6.44799668e+00  0.00000000e+00\n",
      "  -2.72141651e-02  0.00000000e+00  0.00000000e+00  0.00000000e+00\n",
      "  -4.04683995e+00  1.57678729e+01  6.20108064e+00  6.79654819e+00\n",
      "   1.27448609e+01  5.25454429e+00  0.00000000e+00  2.93736361e+00\n",
      "  -5.98201345e+00 -8.02315076e-01  0.00000000e+00  0.00000000e+00\n",
      "   0.00000000e+00  0.00000000e+00  0.00000000e+00  0.00000000e+00\n",
      "   0.00000000e+00  0.00000000e+00  0.00000000e+00  0.00000000e+00\n",
      "   0.00000000e+00  0.00000000e+00  0.00000000e+00  0.00000000e+00\n",
      "   0.00000000e+00  0.00000000e+00 -1.66527778e+01  5.05413534e+00\n",
      "   0.00000000e+00  0.00000000e+00  0.00000000e+00  0.00000000e+00\n",
      "   0.00000000e+00  0.00000000e+00  0.00000000e+00]\n",
      " [ 0.00000000e+00  0.00000000e+00  0.00000000e+00  0.00000000e+00\n",
      "   0.00000000e+00 -1.90984915e+01 -8.31464718e+00  0.00000000e+00\n",
      "   0.00000000e+00  0.00000000e+00  0.00000000e+00  0.00000000e+00\n",
      "   1.36833907e+00 -2.22098860e+01 -7.76389316e+00  0.00000000e+00\n",
      "  -2.63977345e+00 -2.14575986e+01  2.93736361e+00  0.00000000e+00\n",
      "  -1.92271579e+01  7.62166898e+00  0.00000000e+00  4.18126539e+00\n",
      "   1.54727313e+01 -1.01188672e+01  0.00000000e+00  0.00000000e+00\n",
      "   0.00000000e+00  0.00000000e+00  0.00000000e+00  0.00000000e+00\n",
      "   0.00000000e+00  0.00000000e+00  0.00000000e+00  0.00000000e+00\n",
      "   0.00000000e+00  0.00000000e+00  0.00000000e+00 -7.25832758e+00\n",
      "  -9.16666667e-01  0.00000000e+00  0.00000000e+00  0.00000000e+00\n",
      "   0.00000000e+00  0.00000000e+00  0.00000000e+00]\n",
      " [ 0.00000000e+00  0.00000000e+00  0.00000000e+00  0.00000000e+00\n",
      "   0.00000000e+00  6.75975250e+00  4.18571693e+00  0.00000000e+00\n",
      "   1.03719212e+01  6.50000000e+00  0.00000000e+00  0.00000000e+00\n",
      "   0.00000000e+00 -3.00617311e+00 -2.99771462e+00  3.42857143e+00\n",
      "  -3.22205171e+00 -1.70907155e+00 -5.98201345e+00 -1.92271579e+01\n",
      "   0.00000000e+00  0.00000000e+00  0.00000000e+00  0.00000000e+00\n",
      "   0.00000000e+00  0.00000000e+00  0.00000000e+00  0.00000000e+00\n",
      "   0.00000000e+00  0.00000000e+00  0.00000000e+00  0.00000000e+00\n",
      "   0.00000000e+00  0.00000000e+00  0.00000000e+00  0.00000000e+00\n",
      "   0.00000000e+00  0.00000000e+00 -1.81666667e+01  0.00000000e+00\n",
      "   0.00000000e+00  0.00000000e+00  0.00000000e+00  0.00000000e+00\n",
      "   0.00000000e+00  0.00000000e+00  0.00000000e+00]\n",
      " [ 0.00000000e+00  0.00000000e+00  0.00000000e+00  0.00000000e+00\n",
      "   0.00000000e+00  5.63003143e+00 -6.06521739e+00  0.00000000e+00\n",
      "   0.00000000e+00  0.00000000e+00  0.00000000e+00  0.00000000e+00\n",
      "   2.64005327e+00  3.53716170e+00  1.87101280e+01  0.00000000e+00\n",
      "   7.82801455e+00  7.46658155e+00 -8.02315076e-01  7.62166898e+00\n",
      "   0.00000000e+00  0.00000000e+00 -1.04926625e+00  1.26173320e+01\n",
      "   1.64518183e+01  2.65515282e+01  2.14761905e+00  4.40643275e+00\n",
      "   0.00000000e+00 -1.80000000e+00  0.00000000e+00  0.00000000e+00\n",
      "   0.00000000e+00  0.00000000e+00  0.00000000e+00  0.00000000e+00\n",
      "   0.00000000e+00  0.00000000e+00  0.00000000e+00  0.00000000e+00\n",
      "   0.00000000e+00  5.50801242e+01  2.38333333e+01  0.00000000e+00\n",
      "  -2.56666667e+00  0.00000000e+00  0.00000000e+00]\n",
      " [ 0.00000000e+00  0.00000000e+00  0.00000000e+00  0.00000000e+00\n",
      "   0.00000000e+00  3.39514207e+01  1.20240602e+01  0.00000000e+00\n",
      "   0.00000000e+00  0.00000000e+00  0.00000000e+00  0.00000000e+00\n",
      "  -6.04395604e-02  2.99524362e+01  4.82247056e+01  0.00000000e+00\n",
      "   1.87924870e+00  1.20498605e+00  0.00000000e+00  0.00000000e+00\n",
      "   0.00000000e+00 -1.04926625e+00  0.00000000e+00  8.12853145e+00\n",
      "  -8.96066253e-01 -4.16323792e+00  0.00000000e+00  0.00000000e+00\n",
      "   0.00000000e+00  0.00000000e+00  0.00000000e+00  0.00000000e+00\n",
      "   0.00000000e+00  0.00000000e+00  0.00000000e+00  0.00000000e+00\n",
      "   0.00000000e+00  0.00000000e+00  0.00000000e+00  0.00000000e+00\n",
      "   0.00000000e+00  0.00000000e+00  0.00000000e+00  0.00000000e+00\n",
      "   0.00000000e+00  0.00000000e+00  0.00000000e+00]\n",
      " [ 0.00000000e+00  0.00000000e+00  0.00000000e+00  0.00000000e+00\n",
      "   0.00000000e+00  2.44918700e+01  1.42055023e+01  2.33331717e+00\n",
      "   0.00000000e+00  0.00000000e+00  0.00000000e+00  0.00000000e+00\n",
      "   0.00000000e+00 -1.53779447e-01  2.81212661e+01  0.00000000e+00\n",
      "   2.23090291e+01  3.82704929e+01  0.00000000e+00  4.18126539e+00\n",
      "   0.00000000e+00  1.26173320e+01  8.12853145e+00  0.00000000e+00\n",
      "  -3.14951514e+01 -1.47299343e+01  0.00000000e+00  6.12868041e+00\n",
      "   5.89440572e+00  1.93353572e+01  1.43170277e+01 -4.32832495e+00\n",
      "   0.00000000e+00  0.00000000e+00  2.98985133e+00  2.83626335e+01\n",
      "  -2.39209880e+01 -1.93611945e+01  0.00000000e+00  0.00000000e+00\n",
      "   0.00000000e+00  1.56000000e+01  1.46666667e+00  0.00000000e+00\n",
      "   0.00000000e+00  0.00000000e+00  4.97619048e+00]\n",
      " [ 0.00000000e+00  0.00000000e+00  0.00000000e+00  0.00000000e+00\n",
      "   0.00000000e+00  1.93283098e+01  4.03733839e+01  0.00000000e+00\n",
      "   0.00000000e+00  0.00000000e+00  0.00000000e+00  0.00000000e+00\n",
      "   0.00000000e+00 -7.23816091e+01  5.65726191e+00  0.00000000e+00\n",
      "   4.87366286e+01 -3.04255466e+01  0.00000000e+00  1.54727313e+01\n",
      "   0.00000000e+00  1.64518183e+01 -8.96066253e-01 -3.14951514e+01\n",
      "   0.00000000e+00 -5.28153507e+00 -1.89890796e+01  3.19839722e+00\n",
      "  -2.12039328e+00  1.18240962e+01  3.22669633e+00 -3.19938591e+00\n",
      "   2.68693797e+00  1.78553922e+01  2.06870673e+01  3.15974766e+00\n",
      "   1.71940335e+01 -6.37297160e-01  0.00000000e+00  0.00000000e+00\n",
      "   0.00000000e+00  2.21714286e+01  2.38333333e+01  0.00000000e+00\n",
      "  -3.87692308e+01  0.00000000e+00  0.00000000e+00]\n",
      " [ 0.00000000e+00  0.00000000e+00  0.00000000e+00  0.00000000e+00\n",
      "   0.00000000e+00  4.97991760e+00  1.85922909e+01  3.85324918e-01\n",
      "   0.00000000e+00  0.00000000e+00  0.00000000e+00  0.00000000e+00\n",
      "   0.00000000e+00  3.16583595e+01 -3.95839505e+00  0.00000000e+00\n",
      "   4.95297005e+00  6.42960041e+01  0.00000000e+00 -1.01188672e+01\n",
      "   0.00000000e+00  2.65515282e+01 -4.16323792e+00 -1.47299343e+01\n",
      "  -5.28153507e+00  0.00000000e+00 -2.94855991e+01 -4.24331675e+00\n",
      "   1.17533009e+00  9.33904009e+00 -8.87370600e-01  6.93285709e+00\n",
      "   6.45372344e+00  0.00000000e+00  1.75566357e+01  0.00000000e+00\n",
      "   3.83909091e+01  5.37784679e+00  0.00000000e+00  0.00000000e+00\n",
      "   0.00000000e+00  6.55517286e+00  0.00000000e+00  1.48092437e+01\n",
      "   0.00000000e+00  0.00000000e+00  0.00000000e+00]\n",
      " [ 0.00000000e+00  0.00000000e+00  0.00000000e+00  0.00000000e+00\n",
      "   0.00000000e+00 -1.67122944e+00 -1.74760913e+01  0.00000000e+00\n",
      "   0.00000000e+00  0.00000000e+00  0.00000000e+00  0.00000000e+00\n",
      "   0.00000000e+00  0.00000000e+00 -1.70168729e+01  0.00000000e+00\n",
      "   0.00000000e+00 -1.70507246e+01  0.00000000e+00  0.00000000e+00\n",
      "   0.00000000e+00  2.14761905e+00  0.00000000e+00  0.00000000e+00\n",
      "  -1.89890796e+01 -2.94855991e+01  0.00000000e+00  2.13374245e+01\n",
      "  -1.02055026e+01  0.00000000e+00  1.23397436e+01  1.15000000e+00\n",
      "  -3.63044243e+00  3.26960784e+00  3.32417582e+00  0.00000000e+00\n",
      "   0.00000000e+00  0.00000000e+00  0.00000000e+00  0.00000000e+00\n",
      "   0.00000000e+00  0.00000000e+00  0.00000000e+00  8.84615385e+00\n",
      "  -1.81636364e+01  0.00000000e+00  0.00000000e+00]\n",
      " [ 0.00000000e+00  0.00000000e+00  0.00000000e+00  0.00000000e+00\n",
      "   0.00000000e+00  4.53744731e+01  2.50786429e+01  0.00000000e+00\n",
      "   0.00000000e+00  0.00000000e+00  0.00000000e+00  0.00000000e+00\n",
      "   0.00000000e+00  0.00000000e+00  1.93711836e+01  0.00000000e+00\n",
      "   0.00000000e+00  1.09499256e+01  0.00000000e+00  0.00000000e+00\n",
      "   0.00000000e+00  4.40643275e+00  0.00000000e+00  6.12868041e+00\n",
      "   3.19839722e+00 -4.24331675e+00  2.13374245e+01  0.00000000e+00\n",
      "  -6.63267480e+00 -3.61164188e-01  1.45051604e+01  2.61250000e+00\n",
      "   1.49464803e+01  2.49443556e+01  1.53307692e+01  0.00000000e+00\n",
      "   0.00000000e+00  0.00000000e+00  0.00000000e+00  0.00000000e+00\n",
      "   0.00000000e+00  0.00000000e+00  0.00000000e+00  0.00000000e+00\n",
      "   0.00000000e+00  0.00000000e+00  0.00000000e+00]\n",
      " [ 0.00000000e+00  0.00000000e+00  0.00000000e+00  0.00000000e+00\n",
      "   0.00000000e+00  3.04262708e+00  5.04136878e+00  0.00000000e+00\n",
      "   0.00000000e+00  0.00000000e+00  0.00000000e+00  0.00000000e+00\n",
      "   0.00000000e+00  0.00000000e+00 -4.30832003e+00  0.00000000e+00\n",
      "   0.00000000e+00 -7.45979728e-01  0.00000000e+00  0.00000000e+00\n",
      "   0.00000000e+00  0.00000000e+00  0.00000000e+00  5.89440572e+00\n",
      "  -2.12039328e+00  1.17533009e+00 -1.02055026e+01 -6.63267480e+00\n",
      "   0.00000000e+00  6.99461538e+00  1.18103090e+01  2.31579670e+00\n",
      "   3.13846154e+00  4.16666667e-01  1.10727564e+01  6.80128205e+00\n",
      "   0.00000000e+00  0.00000000e+00  0.00000000e+00  0.00000000e+00\n",
      "   0.00000000e+00  0.00000000e+00  0.00000000e+00  0.00000000e+00\n",
      "   0.00000000e+00  7.50641026e+00  0.00000000e+00]\n",
      " [ 0.00000000e+00  0.00000000e+00  0.00000000e+00  0.00000000e+00\n",
      "   0.00000000e+00  2.24104739e+00  2.44494480e+00  0.00000000e+00\n",
      "   0.00000000e+00  0.00000000e+00  0.00000000e+00  0.00000000e+00\n",
      "   0.00000000e+00  0.00000000e+00  6.51326228e-01  0.00000000e+00\n",
      "   0.00000000e+00  1.07391176e+01  0.00000000e+00  0.00000000e+00\n",
      "   0.00000000e+00 -1.80000000e+00  0.00000000e+00  1.93353572e+01\n",
      "   1.18240962e+01  9.33904009e+00  0.00000000e+00 -3.61164188e-01\n",
      "   6.99461538e+00  0.00000000e+00  5.51341589e-01  2.98571429e+00\n",
      "   3.68695652e+00  2.08859180e+00  6.18787546e+00  6.74633700e+00\n",
      "   0.00000000e+00  0.00000000e+00  0.00000000e+00  0.00000000e+00\n",
      "   0.00000000e+00  0.00000000e+00  0.00000000e+00  0.00000000e+00\n",
      "   0.00000000e+00 -8.46153846e-01  0.00000000e+00]\n",
      " [ 0.00000000e+00  0.00000000e+00  0.00000000e+00  0.00000000e+00\n",
      "   0.00000000e+00  2.80661884e+01  3.71739130e+00  4.68666667e+00\n",
      "   0.00000000e+00  0.00000000e+00  0.00000000e+00  0.00000000e+00\n",
      "   0.00000000e+00  0.00000000e+00  4.50560005e+01  0.00000000e+00\n",
      "   0.00000000e+00 -7.42063492e-01  0.00000000e+00  0.00000000e+00\n",
      "   0.00000000e+00  0.00000000e+00  0.00000000e+00  1.43170277e+01\n",
      "   3.22669633e+00 -8.87370600e-01  1.23397436e+01  1.45051604e+01\n",
      "   1.18103090e+01  5.51341589e-01  0.00000000e+00  0.00000000e+00\n",
      "   0.00000000e+00  0.00000000e+00 -6.10084034e+00  7.89591381e+00\n",
      "   0.00000000e+00  0.00000000e+00  0.00000000e+00  0.00000000e+00\n",
      "   0.00000000e+00  0.00000000e+00  0.00000000e+00  1.23397436e+01\n",
      "   0.00000000e+00  0.00000000e+00  0.00000000e+00]\n",
      " [ 0.00000000e+00  0.00000000e+00  0.00000000e+00  0.00000000e+00\n",
      "   0.00000000e+00  2.23510653e+00 -2.83235294e+00  0.00000000e+00\n",
      "   0.00000000e+00  0.00000000e+00  0.00000000e+00  0.00000000e+00\n",
      "   0.00000000e+00  0.00000000e+00  3.32953190e+00  0.00000000e+00\n",
      "   0.00000000e+00  6.20642511e+00  0.00000000e+00  0.00000000e+00\n",
      "   0.00000000e+00  0.00000000e+00  0.00000000e+00 -4.32832495e+00\n",
      "  -3.19938591e+00  6.93285709e+00  1.15000000e+00  2.61250000e+00\n",
      "   2.31579670e+00  2.98571429e+00  0.00000000e+00  0.00000000e+00\n",
      "  -1.60769231e+00  0.00000000e+00 -8.44024559e+00  1.30696226e+01\n",
      "  -1.21739562e+00  2.81106243e+00  0.00000000e+00  0.00000000e+00\n",
      "   0.00000000e+00  0.00000000e+00  0.00000000e+00  0.00000000e+00\n",
      "   0.00000000e+00  9.92192982e+00  0.00000000e+00]\n",
      " [ 0.00000000e+00  0.00000000e+00  0.00000000e+00  0.00000000e+00\n",
      "   0.00000000e+00  1.93523923e+01 -1.68242868e-01  0.00000000e+00\n",
      "   0.00000000e+00  0.00000000e+00  0.00000000e+00  0.00000000e+00\n",
      "   0.00000000e+00  0.00000000e+00 -8.46646920e+00  0.00000000e+00\n",
      "   0.00000000e+00  1.12821133e+01  0.00000000e+00  0.00000000e+00\n",
      "   0.00000000e+00  0.00000000e+00  0.00000000e+00  0.00000000e+00\n",
      "   2.68693797e+00  6.45372344e+00 -3.63044243e+00  1.49464803e+01\n",
      "   3.13846154e+00  3.68695652e+00  0.00000000e+00 -1.60769231e+00\n",
      "   0.00000000e+00  1.49402597e+01 -2.99780220e+00  0.00000000e+00\n",
      "   0.00000000e+00  0.00000000e+00  0.00000000e+00  0.00000000e+00\n",
      "   0.00000000e+00  0.00000000e+00  0.00000000e+00  0.00000000e+00\n",
      "   0.00000000e+00  0.00000000e+00  0.00000000e+00]\n",
      " [ 0.00000000e+00  0.00000000e+00  0.00000000e+00  0.00000000e+00\n",
      "   0.00000000e+00 -5.73684211e+00  3.07742155e+01  0.00000000e+00\n",
      "   0.00000000e+00  0.00000000e+00  0.00000000e+00  0.00000000e+00\n",
      "   0.00000000e+00  0.00000000e+00 -1.05147059e+00  0.00000000e+00\n",
      "   0.00000000e+00  1.45845821e+00  0.00000000e+00  0.00000000e+00\n",
      "   0.00000000e+00  0.00000000e+00  0.00000000e+00  0.00000000e+00\n",
      "   1.78553922e+01  0.00000000e+00  3.26960784e+00  2.49443556e+01\n",
      "   4.16666667e-01  2.08859180e+00  0.00000000e+00  0.00000000e+00\n",
      "   1.49402597e+01  0.00000000e+00  8.53936652e+00  0.00000000e+00\n",
      "   0.00000000e+00  0.00000000e+00  0.00000000e+00  0.00000000e+00\n",
      "   0.00000000e+00  0.00000000e+00  0.00000000e+00  0.00000000e+00\n",
      "   0.00000000e+00  0.00000000e+00  0.00000000e+00]\n",
      " [ 0.00000000e+00  0.00000000e+00  0.00000000e+00  0.00000000e+00\n",
      "   0.00000000e+00 -1.13252181e+01  8.70833333e+00  4.16127990e+00\n",
      "   0.00000000e+00  0.00000000e+00  0.00000000e+00  0.00000000e+00\n",
      "   0.00000000e+00  0.00000000e+00  5.97220357e+00  0.00000000e+00\n",
      "   0.00000000e+00  3.28248839e+01  0.00000000e+00  0.00000000e+00\n",
      "   0.00000000e+00  0.00000000e+00  0.00000000e+00  2.98985133e+00\n",
      "   2.06870673e+01  1.75566357e+01  3.32417582e+00  1.53307692e+01\n",
      "   1.10727564e+01  6.18787546e+00 -6.10084034e+00 -8.44024559e+00\n",
      "  -2.99780220e+00  8.53936652e+00  0.00000000e+00  1.12659964e+01\n",
      "   1.61905493e+01 -9.29757881e+00  0.00000000e+00  0.00000000e+00\n",
      "   0.00000000e+00  0.00000000e+00  0.00000000e+00  0.00000000e+00\n",
      "   0.00000000e+00  0.00000000e+00  4.97619048e+00]\n",
      " [ 0.00000000e+00  0.00000000e+00  0.00000000e+00  0.00000000e+00\n",
      "   0.00000000e+00  8.44460784e+00  9.74621849e+00  2.41640856e+01\n",
      "   0.00000000e+00  0.00000000e+00  0.00000000e+00  0.00000000e+00\n",
      "   0.00000000e+00  0.00000000e+00  0.00000000e+00  0.00000000e+00\n",
      "   0.00000000e+00  3.27117057e+00  0.00000000e+00  0.00000000e+00\n",
      "   0.00000000e+00  0.00000000e+00  0.00000000e+00  2.83626335e+01\n",
      "   3.15974766e+00  0.00000000e+00  0.00000000e+00  0.00000000e+00\n",
      "   6.80128205e+00  6.74633700e+00  7.89591381e+00  1.30696226e+01\n",
      "   0.00000000e+00  0.00000000e+00  1.12659964e+01  0.00000000e+00\n",
      "   6.33777026e+00  2.68669130e+00  0.00000000e+00  0.00000000e+00\n",
      "   0.00000000e+00  0.00000000e+00  0.00000000e+00  0.00000000e+00\n",
      "   0.00000000e+00  8.99885290e+00  4.97619048e+00]\n",
      " [ 0.00000000e+00  0.00000000e+00  0.00000000e+00  0.00000000e+00\n",
      "   0.00000000e+00 -1.84977505e+01  2.41935101e+01  0.00000000e+00\n",
      "   0.00000000e+00  0.00000000e+00  0.00000000e+00  0.00000000e+00\n",
      "   0.00000000e+00  0.00000000e+00  8.90485830e+00  0.00000000e+00\n",
      "   0.00000000e+00  5.09652174e+00  0.00000000e+00  0.00000000e+00\n",
      "   0.00000000e+00  0.00000000e+00  0.00000000e+00 -2.39209880e+01\n",
      "   1.71940335e+01  3.83909091e+01  0.00000000e+00  0.00000000e+00\n",
      "   0.00000000e+00  0.00000000e+00  0.00000000e+00 -1.21739562e+00\n",
      "   0.00000000e+00  0.00000000e+00  1.61905493e+01  6.33777026e+00\n",
      "   0.00000000e+00 -5.00821323e+00  0.00000000e+00  0.00000000e+00\n",
      "   0.00000000e+00  0.00000000e+00  0.00000000e+00  0.00000000e+00\n",
      "   0.00000000e+00  0.00000000e+00  0.00000000e+00]\n",
      " [ 0.00000000e+00  0.00000000e+00  0.00000000e+00  0.00000000e+00\n",
      "   0.00000000e+00 -5.97453100e+00  2.07780523e+01  0.00000000e+00\n",
      "   0.00000000e+00  0.00000000e+00  0.00000000e+00  0.00000000e+00\n",
      "   0.00000000e+00  0.00000000e+00  1.09046314e+01  0.00000000e+00\n",
      "   0.00000000e+00  7.37894737e+00  0.00000000e+00  0.00000000e+00\n",
      "   0.00000000e+00  0.00000000e+00  0.00000000e+00 -1.93611945e+01\n",
      "  -6.37297160e-01  5.37784679e+00  0.00000000e+00  0.00000000e+00\n",
      "   0.00000000e+00  0.00000000e+00  0.00000000e+00  2.81106243e+00\n",
      "   0.00000000e+00  0.00000000e+00 -9.29757881e+00  2.68669130e+00\n",
      "  -5.00821323e+00  0.00000000e+00  0.00000000e+00  0.00000000e+00\n",
      "   0.00000000e+00  0.00000000e+00  0.00000000e+00  0.00000000e+00\n",
      "   0.00000000e+00  1.00000000e+01  0.00000000e+00]\n",
      " [ 0.00000000e+00  0.00000000e+00  0.00000000e+00  0.00000000e+00\n",
      "   0.00000000e+00 -1.81666667e+01  0.00000000e+00  0.00000000e+00\n",
      "   0.00000000e+00  0.00000000e+00  0.00000000e+00  0.00000000e+00\n",
      "   0.00000000e+00  0.00000000e+00  0.00000000e+00  0.00000000e+00\n",
      "   0.00000000e+00  0.00000000e+00 -1.66527778e+01  0.00000000e+00\n",
      "  -1.81666667e+01  0.00000000e+00  0.00000000e+00  0.00000000e+00\n",
      "   0.00000000e+00  0.00000000e+00  0.00000000e+00  0.00000000e+00\n",
      "   0.00000000e+00  0.00000000e+00  0.00000000e+00  0.00000000e+00\n",
      "   0.00000000e+00  0.00000000e+00  0.00000000e+00  0.00000000e+00\n",
      "   0.00000000e+00  0.00000000e+00  0.00000000e+00  0.00000000e+00\n",
      "   0.00000000e+00  0.00000000e+00  0.00000000e+00  0.00000000e+00\n",
      "   0.00000000e+00  0.00000000e+00  0.00000000e+00]\n",
      " [ 0.00000000e+00  0.00000000e+00  0.00000000e+00  0.00000000e+00\n",
      "   0.00000000e+00  1.61547831e+01  0.00000000e+00  0.00000000e+00\n",
      "   0.00000000e+00  0.00000000e+00  0.00000000e+00  0.00000000e+00\n",
      "   1.27179487e+00  2.11868132e+00  1.11067488e+01  0.00000000e+00\n",
      "   1.70589984e+01  0.00000000e+00  5.05413534e+00 -7.25832758e+00\n",
      "   0.00000000e+00  0.00000000e+00  0.00000000e+00  0.00000000e+00\n",
      "   0.00000000e+00  0.00000000e+00  0.00000000e+00  0.00000000e+00\n",
      "   0.00000000e+00  0.00000000e+00  0.00000000e+00  0.00000000e+00\n",
      "   0.00000000e+00  0.00000000e+00  0.00000000e+00  0.00000000e+00\n",
      "   0.00000000e+00  0.00000000e+00  0.00000000e+00  0.00000000e+00\n",
      "   0.00000000e+00  0.00000000e+00  0.00000000e+00  0.00000000e+00\n",
      "   0.00000000e+00  0.00000000e+00  0.00000000e+00]\n",
      " [ 0.00000000e+00  0.00000000e+00  0.00000000e+00  0.00000000e+00\n",
      "   0.00000000e+00  3.75855022e+01  0.00000000e+00  0.00000000e+00\n",
      "   0.00000000e+00  0.00000000e+00  0.00000000e+00  0.00000000e+00\n",
      "   0.00000000e+00  3.79925303e+01  4.19602564e+01  0.00000000e+00\n",
      "   5.35346012e+01  0.00000000e+00  0.00000000e+00 -9.16666667e-01\n",
      "   0.00000000e+00  0.00000000e+00  0.00000000e+00  0.00000000e+00\n",
      "   0.00000000e+00  0.00000000e+00  0.00000000e+00  0.00000000e+00\n",
      "   0.00000000e+00  0.00000000e+00  0.00000000e+00  0.00000000e+00\n",
      "   0.00000000e+00  0.00000000e+00  0.00000000e+00  0.00000000e+00\n",
      "   0.00000000e+00  0.00000000e+00  0.00000000e+00  0.00000000e+00\n",
      "   0.00000000e+00  0.00000000e+00  0.00000000e+00  0.00000000e+00\n",
      "   0.00000000e+00  0.00000000e+00  0.00000000e+00]\n",
      " [ 0.00000000e+00  0.00000000e+00  0.00000000e+00  0.00000000e+00\n",
      "   0.00000000e+00  7.67696715e+00  0.00000000e+00  0.00000000e+00\n",
      "   0.00000000e+00  0.00000000e+00  0.00000000e+00  0.00000000e+00\n",
      "   0.00000000e+00 -2.69315141e+01  2.51377732e+01  0.00000000e+00\n",
      "   1.29981793e+01  1.63423831e+00  0.00000000e+00  0.00000000e+00\n",
      "   0.00000000e+00  5.50801242e+01  0.00000000e+00  1.56000000e+01\n",
      "   2.21714286e+01  6.55517286e+00  0.00000000e+00  0.00000000e+00\n",
      "   0.00000000e+00  0.00000000e+00  0.00000000e+00  0.00000000e+00\n",
      "   0.00000000e+00  0.00000000e+00  0.00000000e+00  0.00000000e+00\n",
      "   0.00000000e+00  0.00000000e+00  0.00000000e+00  0.00000000e+00\n",
      "   0.00000000e+00  0.00000000e+00  0.00000000e+00  0.00000000e+00\n",
      "   0.00000000e+00  0.00000000e+00  0.00000000e+00]\n",
      " [ 0.00000000e+00  0.00000000e+00  0.00000000e+00  0.00000000e+00\n",
      "   0.00000000e+00  2.56848485e+01  0.00000000e+00  0.00000000e+00\n",
      "   0.00000000e+00  0.00000000e+00  0.00000000e+00  0.00000000e+00\n",
      "   0.00000000e+00  0.00000000e+00  2.22000000e+01  0.00000000e+00\n",
